7 136745
6 122146
3 2218
6 162025
5 21563
0 10928
7 22610
7 102689
6 92645
8 52933
5 86961
4 25432
5 16923
1 27507
6 151914
8 70817
6 144676
9 103459
1 7936
4 9458
9 130721
8 45988
7 286
7 42364
1 39729
3 17448
9 98357
2 22966
2 43680
1 14578
4 1841
8 75678
8 25431
2 10789
3 11470
1 42386
1 48826
0 48739
8 69115
5 87771
5 2080
9 42000
9 118403
2 8869
7 6895
6 156974
9 28972
2 52855
1 17550
2 28379
3 24499
1 16588
5 196004
5 1605
3 9998
8 66764
4 28707
8 45955
1 24226
9 76746
6 148929
2 21427
1 27077
4 22384
1 10950
1 22448
1 47801
3 20711
1 8108
6 129020
3 21581
9 102889
4 9637
5 175895
8 32662
6 66010
1 40922
3 1092
5 184247
8 55283
5 133632
5 44278
9 87072
9 87318
9 68874
8 48776
3 475
3 7623
7 20958
5 189385
4 19393
3 26315
1 19248
3 15675
5 61124
8 17764
6 2257
0 40317
4 34872
9 93375
0 56229
1 36505
9 67512
2 34050
5 71999
3 25355
2 5742
9 69788
2 50406
5 81029
6 96005
1 48238
0 9283
1 5320
5 152702
1 10685
4 7374
0 13733
9 48311
9 69150
4 29554
7 10999
0 69376
5 93054
1 26986
3 24465
7 109036
4 27717
9 51691
4 27307
2 12949
4 29326
2 3263
9 88043
0 62170
9 72556
4 11058
5 192556
7 502
0 36378
4 17325
7 43983
1 18859
3 19400
9 111907
9 93697
6 6876
9 3868
1 17602
3 24849
0 34064
9 96744
3 19169
2 17014
1 10686
0 59448
9 89659
1 11012
1 25628
2 34686
3 30016
5 47352
8 24078
2 4023
4 19228
2 27244
2 45381
4 4207
0 54888
9 61694
4 37749
0 64913
9 140605
5 18840
8 8033
2 2713
3 661
7 124093
3 16294
2 9075
8 52540
7 24302
0 15923
2 43688
1 3651
4 23745
3 34012
0 33642
0 68327
4 35700
6 53784
5 61162
7 69023
5 158032
5 59420
1 29703
6 150178
7 103386
3 6739
9 142704
3 5673
3 31312
4 33923
0 24864
0 37564
6 48562
2 2721
2 27009
6 119876
1 42373
0 18324
6 98744
6 109698
5 51979
7 88086
7 78700
1 684
8 36165
5 39798
1 44697
2 35577
7 55046
3 22760
7 40411
0 27480
5 86412
6 89325
0 54562
9 57559
3 5189
3 4264
9 145197
0 44398
4 39555
6 77528
4 26391
7 69992
9 22380
2 52901
4 24444
9 91305
6 137450
4 35916
8 16134
4 39482
5 166417
2 13052
4 7735
2 50609
2 47439
7 45527
4 1626
9 17027
9 92559
2 9999
7 138022
6 95763
8 10574
1 26140
6 2947
8 27551
5 125753
8 21203
8 18182
8 554
3 16653
9 113851
4 30528
5 123183
1 7271
0 66010
9 149494
5 135069
6 31309
6 101785
4 38416
8 21349
1 24532
9 94905
9 152253
4 38704
9 120037
6 147251
6 129835
8 25845
8 61600
0 36640
4 32445
9 152026
2 21623
9 67291
6 140460
8 72657
6 87161
9 151387
1 879
2 19202
0 18040
5 195706
1 43671
6 113973
1 10304
1 28621
3 12051
1 8200
0 53531
7 101906
9 91427
6 68167
7 86127
5 176340
2 8239
0 57394
9 120331
3 33866
0 58909
1 33753
7 9685
2 23898
8 58701
0 47218
4 2117
7 135215
5 135273
3 24326
0 52250
4 33974
9 97200
8 25328
3 27029
0 51805
2 13497
0 32271
8 43484
4 14198
7 25804
7 18834
2 28270
9 123515
9 44088
3 26543
4 18779
7 53403
7 108877
3 24262
9 134853
9 128661
9 82777
5 190989
3 11279
8 12382
5 29037
4 1517
3 946
8 44722
0 68073
7 39997
2 25286
2 18511
1 21604
3 5878
3 10296
8 52904
3 2609
4 12486
6 8762
7 86811
3 3861
1 43906
7 15729
2 11954
3 16533
7 117407
5 147399
1 26478
7 64004
3 27477
9 120817
5 75214
6 64179
1 43106
7 66490
5 90260
1 9350
8 24983
8 13898
3 8531
3 7992
2 31290
1 18145
9 89899
0 12302
2 35619
3 14461
5 107041
3 28550
5 141342
6 72192
3 13840
1 46281
3 26751
8 67568
6 91635
8 2500
2 30247
4 15831
0 15756
5 61394
7 122340
6 141728
1 7041
1 12936
1 39015
0 21586
1 29455
2 38430
4 3120
2 1376
1 9526
1 23121
2 12235
6 157872
3 3597
9 30214
3 7379
6 161782
6 135373
4 35827
1 1799
6 68524
0 47458
9 144805
0 5081
7 91061
4 27178
9 83054
7 107055
2 24396
1 13729
4 22574
8 64761
1 43720
4 29347
4 14075
4 36610
0 48065
0 42099
0 58870
2 17515
3 348
8 65458
6 82059
0 12009
0 53791
2 19754
5 52991
9 143986
7 124906
6 124035
3 10944
3 3469
7 104425
4 16359
5 41549
9 65419
7 95977
3 12660
4 7455
5 49996
6 101607
3 12684
0 25242
4 7598
0 6420
1 362
3 21943
7 116310
2 51448
0 7040
5 136849
1 22254
8 31304
8 50414
2 28863
1 42662
3 32946
6 76173
8 73777
5 165329
1 46445
3 1306
4 5682
9 129220
8 6575
8 10863
0 14159
8 14778
8 72128
6 131328
2 9955
2 20519
5 196569
4 33506
0 10480
5 145743
7 17390
0 63873
4 21979
1 17739
0 36490
8 61386
1 28952
4 8049
5 116780
1 30041
2 18456
8 3749
3 22324
3 28667
2 2618
8 75393
2 44980
4 16457
1 584
2 21785
0 58702
5 79531
9 84583
3 28992
2 20110
5 62884
0 58393
3 9879
5 136657
8 76658
9 143325
1 23092
9 84470
9 12577
6 107537
6 106768
7 88862
9 91078
3 14808
4 3097
9 55199
3 16141
4 38407
3 21254
6 38967
2 44003
2 51307
9 2982
1 16532
7 74399
3 29441
5 185861
7 133995
9 117669
9 136914
0 8618
7 50556
0 43562
5 192093
4 24411
8 25512
8 16041
1 20822
9 88693
8 58134
4 12944
1 12484
7 113719
9 36448
2 26994
4 39834
9 83876
0 33749
6 5273
4 15102
8 48326
0 57139
7 112313
7 46526
0 10867
4 17987
3 9964
9 40344
7 10038
9 151295
8 31019
5 162757
9 130992
8 12957
5 57804
9 2110
9 1089
5 162306
7 107514
5 34857
1 39061
4 7025
9 116083
7 676
3 24834
9 118098
4 24637
3 28413
5 98482
3 23606
6 25398
8 28945
6 60389
4 4723
7 137941
0 24141
2 18697
8 35564
2 17095
0 41766
4 16180
0 19960
7 24975
5 121694
7 121488
6 52416
3 16393
1 31039
2 8421
2 50126
8 30286
3 12069
1 39897
5 122324
8 35745
2 33386
5 139634
2 31302
9 14680
8 5443
8 70969
3 431
4 40916
0 18736
6 34464
8 25716
7 82713
7 37958
4 28074
4 29075
0 54036
7 26657
0 19552
2 32648
2 13324
7 78240
9 2766
2 30343
0 51774
2 8028
9 133302
3 7630
6 79722
8 22210
9 99375
7 65121
9 94291
8 48074
7 114922
2 49771
7 18461
1 48700
3 5979
4 28045
0 33916
4 14969
8 28859
9 45314
3 10843
7 58682
0 37914
3 11726
1 19998
2 28960
8 42218
1 17407
7 68503
4 21490
8 59136
7 20620
6 47721
9 64686
0 51020
3 26442
8 48502
8 22578
6 160800
0 51710
8 28568
0 13638
2 42666
4 35209
7 116610
1 42291
0 30459
6 37374
2 22725
2 3209
8 37981
1 41402
7 47191
8 25444
5 40941
6 139957
5 71808
4 33800
2 13634
9 139627
2 39693
7 63302
2 41055
8 67436
4 7152
9 76086
0 1992
2 16929
4 36061
5 112791
2 2791
7 66639
2 841
9 101010
5 159209
4 29007
2 23197
9 99070
8 7641
0 64544
1 48736
9 8727
4 38983
1 13896
4 20926
0 16878
0 65069
8 12302
2 24213
8 72193
0 1694
4 13684
7 23525
8 50231
6 53981
2 42887
1 48559
3 3941
6 135640
6 120603
2 23694
9 89148
7 52039
8 68657
1 3819
0 48731
1 8578
8 63173
1 13378
8 28453
7 74580
6 41052
3 14411
8 55034
5 81264
3 9658
4 40734
6 52409
6 143937
2 42051
4 18204
0 68277
0 9838
8 31237
7 114807
0 31184
9 32726
7 63695
8 59887
7 98885
1 23006
5 127325
4 13814
6 103266
9 141056
9 31075
4 8772
4 9914
0 66963
7 85859
2 2537
6 109013
5 8033
8 8673
8 4717
9 9391
7 109606
4 9544
0 43042
6 33363
4 4176
8 64830
8 39887
6 143174
8 1207
0 47980
2 990
5 202847
1 26598
3 15503
3 29288
0 67231
2 53066
5 39083
0 68753
6 124558
9 139957
6 102261
8 1988
2 27622
5 188774
8 23323
2 3219
8 47235
1 3515
4 28365
7 78416
8 26290
4 24915
5 121094
8 30299
0 10950
8 864
1 3988
0 19703
6 61343
9 87756
6 83873
2 26164
6 69593
6 44342
0 50195
8 36882
5 122144
3 16930
0 14154
6 45498
4 9614
8 29771
5 173118
1 20637
7 14240
0 46743
4 13002
8 69478
7 48316
5 194890
1 25635
0 3989
0 41666
3 20330
0 6709
3 21532
6 148031
1 19687
4 12714
6 603
5 22766
5 117901
0 35263
3 6748
1 33936
0 65354
4 11522
5 133624
8 75927
4 6608
0 54919
4 29328
3 1620
1 48965
2 7420
8 76105
6 157331
8 49571
0 68042
9 104141
2 36773
8 61198
5 142583
0 40044
4 10857
2 91
8 52265
5 126391
7 117347
0 6779
7 87709
9 24905
4 22939
4 20867
3 29419
8 29120
8 46696
2 40760
2 14805
8 63726
4 29152
3 17710
3 5173
6 45190
8 2018
2 52727
7 123591
4 26544
2 23085
1 21448
6 53635
4 36777
8 34390
1 47948
3 29317
8 74857
5 81284
2 17007
5 187518
9 77905
4 36343
4 40672
4 35208
8 17697
9 86979
5 90318
0 1649
5 170290
7 101208
2 38131
9 96441
0 40514
9 58100
3 26614
2 19367
1 39891
8 48783
1 46685
5 65859
6 137165
0 27751
7 34380
2 19730
3 8095
2 53245
2 40519
8 71151
7 63219
7 43323
3 4182
0 46896
9 5760
3 11996
7 123351
3 29787
0 8485
6 154175
5 199578
3 30448
0 47035
6 153548
8 30628
9 123531
6 31391
2 50561
1 43176
8 62238
3 31345
6 99334
4 37401
6 49644
6 41252
5 112303
3 27516
4 8185
5 17550
9 22841
6 63873
3 19146
0 52107
6 19221
0 36094
7 47965
9 51245
7 101304